{
 "cells": [
  {
   "cell_type": "code",
   "execution_count": 1,
   "metadata": {},
   "outputs": [],
   "source": [
    "# pip install python_speech_features"
   ]
  },
  {
   "cell_type": "code",
   "execution_count": 2,
   "metadata": {
    "id": "yfQldLJCi-FE"
   },
   "outputs": [],
   "source": [
    "import numpy as np\n",
    "import scipy.io.wavfile as wav\n",
    "from python_speech_features import mfcc\n",
    "\n",
    "import os\n",
    "import pickle \n",
    "import operator"
   ]
  },
  {
   "cell_type": "code",
   "execution_count": 3,
   "metadata": {
    "id": "dPtdSnvFi-FZ"
   },
   "outputs": [],
   "source": [
    "def distance(instance1 , instance2 , k ):\n",
    "    distance =0 \n",
    "    mm1 = instance1[0] \n",
    "    cm1 = instance1[1]\n",
    "    mm2 = instance2[0]\n",
    "    cm2 = instance2[1]\n",
    "    distance = np.trace(np.dot(np.linalg.inv(cm2), cm1)) \n",
    "    distance+=(np.dot(np.dot((mm2-mm1).transpose() , np.linalg.inv(cm2)) , mm2-mm1 )) \n",
    "    distance+= np.log(np.linalg.det(cm2)) - np.log(np.linalg.det(cm1))\n",
    "    distance-= k\n",
    "    return distance"
   ]
  },
  {
   "cell_type": "code",
   "execution_count": 4,
   "metadata": {
    "id": "SAdI5yLmi-Fd"
   },
   "outputs": [],
   "source": [
    " def getNeighbors(trainingSet , instance , k):\n",
    "    distances =[]\n",
    "    for x in range (len(trainingSet)):\n",
    "        dist = distance(trainingSet[x], instance, k )+ distance(instance, trainingSet[x], k)\n",
    "        distances.append((trainingSet[x][2], dist))\n",
    "    distances.sort(key=operator.itemgetter(1))\n",
    "    neighbors = []\n",
    "    for x in range(k):\n",
    "        neighbors.append(distances[x][0])\n",
    "    return neighbors   \n"
   ]
  },
  {
   "cell_type": "code",
   "execution_count": 5,
   "metadata": {
    "id": "cC3rzhQoi-Fj"
   },
   "outputs": [],
   "source": [
    "def nearestClass(neighbors):\n",
    "    classVote = {}\n",
    "\n",
    "    for x in range(len(neighbors)):\n",
    "        response = neighbors[x]\n",
    "        if response in classVote:\n",
    "            classVote[response]+=1 \n",
    "        else:\n",
    "            classVote[response]=1\n",
    "\n",
    "    sorter = sorted(classVote.items(), key = operator.itemgetter(1), reverse=True)\n",
    "    return sorter[0][0]"
   ]
  },
  {
   "cell_type": "code",
   "execution_count": 6,
   "metadata": {
    "id": "KfHiG5gUi-Fm"
   },
   "outputs": [],
   "source": [
    "directory =\"C:/Externship/Flask/genres/archive (2)/Data/genres_original/\"\n",
    "f = open(\"my.dat\" ,'wb')\n",
    "i = 0"
   ]
  },
  {
   "cell_type": "code",
   "execution_count": 7,
   "metadata": {
    "id": "5eRAsmaMi-Fq"
   },
   "outputs": [
    {
     "name": "stdout",
     "output_type": "stream",
     "text": [
      "fo blues\n",
      "fo classical\n",
      "fo country\n",
      "fo disco\n",
      "fo hiphop\n",
      "fo jazz\n",
      "fo metal\n",
      "fo pop\n",
      "fo reggae\n",
      "fo rock\n"
     ]
    }
   ],
   "source": [
    "for folder in os.listdir(directory):\n",
    "    #as we have 10 classes, we're starting the loop from 1 to 11\n",
    "    #so that we run the loop for total of 10 times, with each folder change (genre change),  i (label) changes. \n",
    "    i += 1\n",
    "    if i==11 :\n",
    "        break \n",
    "    print(\"fo\",folder)\n",
    "    for file in os.listdir(directory+folder):  \n",
    "        \n",
    "        #To read an Wav audio File in Python\n",
    "        (rate,sig) = wav.read(directory+folder+\"/\"+file)\n",
    "#         if directory+folder == \"C:/Externship/Flask/genres/archive (4)/Data/genres_original/jazz\":\n",
    "#             print(directory+folder+\"/\"+file)\n",
    "        #MFCC is the feature we will use for our analysis,\n",
    "        #because it provides data about the overall shape of the audio frequencies.\n",
    "        mfcc_feat = mfcc(sig,rate ,winlen=0.020, appendEnergy = False)\n",
    "        covariance = np.cov(np.matrix.transpose(mfcc_feat))\n",
    "        mean_matrix = mfcc_feat.mean(0)\n",
    "        #making a feature typle that contains the mean matrix from mfcc as well as covariance,\n",
    "        #and last variable in the feature tuple is the label (where numbers correspond to particular genre)\n",
    "        feature = (mean_matrix , covariance , i)\n",
    "        \n",
    "        #This the the created dataset, which takes the input from specified path\n",
    "        #it then stores the feature as a .dat file which can be used later without having to train all the files over it.\n",
    "        pickle.dump(feature , f)\n",
    "f.close()"
   ]
  },
  {
   "cell_type": "code",
   "execution_count": 8,
   "metadata": {
    "id": "EmbkzkPoi-Fx"
   },
   "outputs": [],
   "source": [
    "dataset = []\n",
    "def loadDataset(project):\n",
    "    with open(\"C:/Externship/Flask/my.dat\" , 'rb') as f:\n",
    "        while True:\n",
    "            try:\n",
    "                dataset.append(pickle.load(f))\n",
    "            except EOFError:\n",
    "                f.close()\n",
    "                break  \n",
    "\n",
    "loadDataset(\"C:/Externship/Flask/my.dat\")"
   ]
  },
  {
   "cell_type": "code",
   "execution_count": 20,
   "metadata": {
    "id": "NHOqCHANi-F4"
   },
   "outputs": [
    {
     "data": {
      "text/plain": [
       "[(array([ 76.50261107,  -1.96141736, -15.7743469 ,   3.8314189 ,\n",
       "         -10.47332553,   1.31182833, -19.39373183,   5.28678994,\n",
       "         -16.63172467,   5.3534445 ,  -9.85657026,   6.25007663,\n",
       "          -5.58749505]),\n",
       "  array([[ 3.13643266e+01, -1.34683421e+00, -9.48272203e-01,\n",
       "          -2.05382281e+01, -1.45847814e+01, -1.72347943e+01,\n",
       "          -9.35145739e+00,  2.72034545e+00, -3.29035455e+00,\n",
       "           1.04057336e+00,  2.32513168e+00,  6.09119695e+00,\n",
       "           8.44732834e+00],\n",
       "         [-1.34683421e+00,  3.64751586e+01, -2.19100677e+01,\n",
       "          -1.52506981e+01, -7.71247217e+00, -1.42477860e+01,\n",
       "          -6.48177523e+00,  3.95463925e+00,  1.14509487e+00,\n",
       "          -4.30576920e+00,  9.05817993e+00,  8.98145706e+00,\n",
       "           7.68495192e+00],\n",
       "         [-9.48272203e-01, -2.19100677e+01,  7.63578328e+01,\n",
       "           1.69425823e+01, -2.67611115e+01, -2.71149039e+00,\n",
       "           1.99049253e+01,  1.64116110e+01, -1.31355709e+01,\n",
       "           1.53609455e+01, -1.31293962e+01, -7.47897696e+00,\n",
       "          -1.43408653e+01],\n",
       "         [-2.05382281e+01, -1.52506981e+01,  1.69425823e+01,\n",
       "           8.81632650e+01,  4.12699446e+01,  3.87264439e+01,\n",
       "           4.90998334e+00, -2.16976433e+01,  1.60594008e+01,\n",
       "          -1.25872911e+01, -1.02448062e+01, -1.43945987e+01,\n",
       "          -6.84916335e+00],\n",
       "         [-1.45847814e+01, -7.71247217e+00, -2.67611115e+01,\n",
       "           4.12699446e+01,  1.19321523e+02,  4.66003407e+01,\n",
       "          -1.92208642e+01, -3.94618140e+01,  1.66051267e+01,\n",
       "          -1.69172614e+01, -8.78168305e+00, -5.58281414e+00,\n",
       "           3.78669608e+00],\n",
       "         [-1.72347943e+01, -1.42477860e+01, -2.71149039e+00,\n",
       "           3.87264439e+01,  4.66003407e+01,  9.60482987e+01,\n",
       "           8.98961628e+00, -3.43591422e+01,  1.84438295e+01,\n",
       "          -8.45766070e+00, -5.85733348e+00, -5.44735154e+00,\n",
       "          -2.11745850e-02],\n",
       "         [-9.35145739e+00, -6.48177523e+00,  1.99049253e+01,\n",
       "           4.90998334e+00, -1.92208642e+01,  8.98961628e+00,\n",
       "           8.63132389e+01,  4.28379412e+01,  1.75222620e+01,\n",
       "          -1.04685593e+01, -2.84250646e-01, -1.20036343e+01,\n",
       "          -1.45231172e+01],\n",
       "         [ 2.72034545e+00,  3.95463925e+00,  1.64116110e+01,\n",
       "          -2.16976433e+01, -3.94618140e+01, -3.43591422e+01,\n",
       "           4.28379412e+01,  1.22790755e+02,  2.20687087e+01,\n",
       "           1.45781380e+00, -1.27295942e+01,  4.03984963e+00,\n",
       "          -1.29953309e+01],\n",
       "         [-3.29035455e+00,  1.14509487e+00, -1.31355709e+01,\n",
       "           1.60594008e+01,  1.66051267e+01,  1.84438295e+01,\n",
       "           1.75222620e+01,  2.20687087e+01,  1.09824146e+02,\n",
       "           3.38342116e+00, -1.36512426e+01, -2.12526426e+01,\n",
       "          -3.84348934e+00],\n",
       "         [ 1.04057336e+00, -4.30576920e+00,  1.53609455e+01,\n",
       "          -1.25872911e+01, -1.69172614e+01, -8.45766070e+00,\n",
       "          -1.04685593e+01,  1.45781380e+00,  3.38342116e+00,\n",
       "           9.94008340e+01,  2.47510682e+01, -1.43565213e+01,\n",
       "          -1.48316190e+01],\n",
       "         [ 2.32513168e+00,  9.05817993e+00, -1.31293962e+01,\n",
       "          -1.02448062e+01, -8.78168305e+00, -5.85733348e+00,\n",
       "          -2.84250646e-01, -1.27295942e+01, -1.36512426e+01,\n",
       "           2.47510682e+01,  7.78045086e+01,  2.89174482e+01,\n",
       "           2.25119526e+00],\n",
       "         [ 6.09119695e+00,  8.98145706e+00, -7.47897696e+00,\n",
       "          -1.43945987e+01, -5.58281414e+00, -5.44735154e+00,\n",
       "          -1.20036343e+01,  4.03984963e+00, -2.12526426e+01,\n",
       "          -1.43565213e+01,  2.89174482e+01,  9.23654698e+01,\n",
       "           2.92826066e+01],\n",
       "         [ 8.44732834e+00,  7.68495192e+00, -1.43408653e+01,\n",
       "          -6.84916335e+00,  3.78669608e+00, -2.11745850e-02,\n",
       "          -1.45231172e+01, -1.29953309e+01, -3.84348934e+00,\n",
       "          -1.48316190e+01,  2.25119526e+00,  2.92826066e+01,\n",
       "           6.46507617e+01]]),\n",
       "  1),\n",
       " (array([ 66.93164965,   0.71885345,  -3.26783036,   4.18120038,\n",
       "          -8.05094092,   6.4482592 , -17.76851742,  14.09181008,\n",
       "         -18.33253624,   3.68556046, -10.55074362,   2.88748511,\n",
       "          -7.78808286]),\n",
       "  array([[107.79187315, -31.41110033,  -9.22698714, -58.2604521 ,\n",
       "          -26.47249497, -32.54536346, -49.98443347,  15.73243236,\n",
       "          -17.98625091,  11.68895105,  25.22345732,   9.21246259,\n",
       "            2.06370737],\n",
       "         [-31.41110033,  67.24066775, -27.33646206,   2.99181433,\n",
       "           -1.56782767,   5.71153147,  28.79682267, -15.11618225,\n",
       "           13.93898012, -21.12518659,  -6.02999789,   0.8215573 ,\n",
       "            0.35850908],\n",
       "         [ -9.22698714, -27.33646206, 162.0214623 ,  12.28739935,\n",
       "          -24.64214157,  44.25096999, -12.97002892,  14.05913759,\n",
       "          -26.96955285,  15.68387893, -22.19458709,   8.72633776,\n",
       "           15.43161094],\n",
       "         [-58.2604521 ,   2.99181433,  12.28739935, 157.55731366,\n",
       "           77.41096632,  40.12079458,  49.67785321, -28.11579524,\n",
       "           30.49713692,  15.72651887, -14.44511324, -32.10092369,\n",
       "            3.40933919],\n",
       "         [-26.47249497,  -1.56782767, -24.64214157,  77.41096632,\n",
       "          167.17978901,  37.47847025,  28.76081374, -51.7603851 ,\n",
       "           13.40189533,  11.38940062, -13.75716966, -30.82891593,\n",
       "          -16.02680608],\n",
       "         [-32.54536346,   5.71153147,  44.25096999,  40.12079458,\n",
       "           37.47847025, 115.06735897,  42.68914981,  -7.32248596,\n",
       "            8.22168575,  14.05386632, -12.44864647,   8.69349948,\n",
       "          -13.01375443],\n",
       "         [-49.98443347,  28.79682267, -12.97002892,  49.67785321,\n",
       "           28.76081374,  42.68914981, 155.99694188,  15.48613831,\n",
       "           38.70165786, -16.23456958, -15.93331578, -17.24508937,\n",
       "           18.47661453],\n",
       "         [ 15.73243236, -15.11618225,  14.05913759, -28.11579524,\n",
       "          -51.7603851 ,  -7.32248596,  15.48613831, 135.00495334,\n",
       "           34.68062285,  12.59111087,  14.06333151,  29.67414916,\n",
       "           11.60317841],\n",
       "         [-17.98625091,  13.93898012, -26.96955285,  30.49713692,\n",
       "           13.40189533,   8.22168575,  38.70165786,  34.68062285,\n",
       "          131.91314628,  26.81325948,   7.17901938,   3.27773544,\n",
       "           -3.78894116],\n",
       "         [ 11.68895105, -21.12518659,  15.68387893,  15.72651887,\n",
       "           11.38940062,  14.05386632, -16.23456958,  12.59111087,\n",
       "           26.81325948, 134.38610592,  35.97772425,  12.20430025,\n",
       "          -17.73873436],\n",
       "         [ 25.22345732,  -6.02999789, -22.19458709, -14.44511324,\n",
       "          -13.75716966, -12.44864647, -15.93331578,  14.06333151,\n",
       "            7.17901938,  35.97772425,  94.64061016,  36.40653459,\n",
       "           -8.66584547],\n",
       "         [  9.21246259,   0.8215573 ,   8.72633776, -32.10092369,\n",
       "          -30.82891593,   8.69349948, -17.24508937,  29.67414916,\n",
       "            3.27773544,  12.20430025,  36.40653459, 128.34353639,\n",
       "           18.41032842],\n",
       "         [  2.06370737,   0.35850908,  15.43161094,   3.40933919,\n",
       "          -16.02680608, -13.01375443,  18.47661453,  11.60317841,\n",
       "           -3.78894116, -17.73873436,  -8.66584547,  18.41032842,\n",
       "           90.76287616]]),\n",
       "  1),\n",
       " (array([ 78.77410313,   3.03970009, -19.02443546,  -0.98359072,\n",
       "         -14.69933663,   7.58656179, -12.82305324,   1.89292009,\n",
       "         -14.86532614,   3.59525225, -13.96170466,   1.06610239,\n",
       "          -6.19668495]),\n",
       "  array([[ 41.92951883, -21.58695776, -30.46497587, -18.57853128,\n",
       "           -6.40815956,  -1.8642102 , -11.32159752,  -1.37447283,\n",
       "           -9.15072495,  13.76764054,  14.23814557,   3.91138108,\n",
       "           -5.20882787],\n",
       "         [-21.58695776,  54.4607802 ,  -5.15166401, -12.6512746 ,\n",
       "            4.23896013,  -8.98585687,   9.59230456,   1.57109396,\n",
       "           15.51194116,  -9.74487442,   3.79669053,   5.86146118,\n",
       "            9.17593074],\n",
       "         [-30.46497587,  -5.15166401,  96.15432665,  33.45484386,\n",
       "          -11.72182013,   4.25840338,   7.51040957,  21.61256631,\n",
       "           -0.20511237,  -8.42870284, -23.15910719,  -2.55962815,\n",
       "            0.33445453],\n",
       "         [-18.57853128, -12.6512746 ,  33.45484386,  94.00232407,\n",
       "           -8.93550096,  -3.65261218,  -9.92016534, -23.16422089,\n",
       "           -8.93238061,  -4.29405519, -12.23430352, -30.08420478,\n",
       "           19.96970346],\n",
       "         [ -6.40815956,   4.23896013, -11.72182013,  -8.93550096,\n",
       "          105.64385213,  25.77920757,  -3.37386238, -16.18192954,\n",
       "            7.347486  ,   5.39169885,  -8.89412566,  16.96125993,\n",
       "          -18.08772046],\n",
       "         [ -1.8642102 ,  -8.98585687,   4.25840338,  -3.65261218,\n",
       "           25.77920757,  68.87964726,  17.85631665,  -4.16367623,\n",
       "           -5.36675643,  -0.69566181,  -3.92912166,  10.64608317,\n",
       "           -6.62778274],\n",
       "         [-11.32159752,   9.59230456,   7.51040957,  -9.92016534,\n",
       "           -3.37386238,  17.85631665, 107.06448739,  58.20072356,\n",
       "            1.40011697, -23.99673849, -11.73409327,  11.9017315 ,\n",
       "           -2.01612152],\n",
       "         [ -1.37447283,   1.57109396,  21.61256631, -23.16422089,\n",
       "          -16.18192954,  -4.16367623,  58.20072356, 153.91726632,\n",
       "           35.17023079, -15.63544649, -14.43344395,  29.30532647,\n",
       "          -12.89032603],\n",
       "         [ -9.15072495,  15.51194116,  -0.20511237,  -8.93238061,\n",
       "            7.347486  ,  -5.36675643,   1.40011697,  35.17023079,\n",
       "          100.76699209,  13.34394477,  -7.6273575 ,   9.46125164,\n",
       "           -3.70212554],\n",
       "         [ 13.76764054,  -9.74487442,  -8.42870284,  -4.29405519,\n",
       "            5.39169885,  -0.69566181, -23.99673849, -15.63544649,\n",
       "           13.34394477,  95.74558389,  40.84254966, -11.07948179,\n",
       "           -3.86240424],\n",
       "         [ 14.23814557,   3.79669053, -23.15910719, -12.23430352,\n",
       "           -8.89412566,  -3.92912166, -11.73409327, -14.43344395,\n",
       "           -7.6273575 ,  40.84254966,  97.82738255,   7.67141492,\n",
       "            0.22152062],\n",
       "         [  3.91138108,   5.86146118,  -2.55962815, -30.08420478,\n",
       "           16.96125993,  10.64608317,  11.9017315 ,  29.30532647,\n",
       "            9.46125164, -11.07948179,   7.67141492,  98.27367412,\n",
       "           -9.62411289],\n",
       "         [ -5.20882787,   9.17593074,   0.33445453,  19.96970346,\n",
       "          -18.08772046,  -6.62778274,  -2.01612152, -12.89032603,\n",
       "           -3.70212554,  -3.86240424,   0.22152062,  -9.62411289,\n",
       "           83.77725151]]),\n",
       "  1),\n",
       " (array([ 66.69610668,   9.21151447,  -4.53287628,   5.02714845,\n",
       "          -8.25401117,   8.10120099,  -9.67661011,   9.82404288,\n",
       "          -6.73521258,  10.33295577, -10.18568338,   5.4125144 ,\n",
       "          -6.10014385]),\n",
       "  array([[ 70.07832382, -31.52905509,   2.62086769,  -8.30638208,\n",
       "          -40.02834082, -15.37334067, -19.55405417, -13.98860469,\n",
       "          -10.77710536,   4.3097118 ,  -7.89812638,  -2.69401506,\n",
       "            8.20120627],\n",
       "         [-31.52905509,  60.81706026,  -8.54511725,   7.93801993,\n",
       "           26.65865119,   2.83560934,  38.42401005,  29.81698097,\n",
       "           26.73877981, -10.36619289,  14.80113755,  -6.63578013,\n",
       "            4.34996635],\n",
       "         [  2.62086769,  -8.54511725,  76.16230518,  21.05216564,\n",
       "            1.18496512,  26.84929933,   6.98021751,  -1.04803708,\n",
       "           -0.88558398,   9.06923971, -19.07108899,   1.32851909,\n",
       "            3.14539024],\n",
       "         [ -8.30638208,   7.93801993,  21.05216564,  75.20130395,\n",
       "           36.45969103,  21.74867589,  21.10593313,  14.76770343,\n",
       "           12.25614768,   2.38246313,  -0.62619122,   3.82353555,\n",
       "            1.40561045],\n",
       "         [-40.02834082,  26.65865119,   1.18496512,  36.45969103,\n",
       "          125.18671756,  49.1928532 ,  28.23773246,  28.66846611,\n",
       "           17.62644837,   7.63416001,  23.37003575,  10.6033645 ,\n",
       "          -21.27277795],\n",
       "         [-15.37334067,   2.83560934,  26.84929933,  21.74867589,\n",
       "           49.1928532 ,  86.76653256,  30.19466953,   5.81781429,\n",
       "            4.0969106 ,  13.34639351,   1.08724743,  -3.33357897,\n",
       "          -13.86430294],\n",
       "         [-19.55405417,  38.42401005,   6.98021751,  21.10593313,\n",
       "           28.23773246,  30.19466953, 104.65814996,  61.83707178,\n",
       "           23.08915695,  -9.33074041,  12.57755399, -14.96222171,\n",
       "           13.76482977],\n",
       "         [-13.98860469,  29.81698097,  -1.04803708,  14.76770343,\n",
       "           28.66846611,   5.81781429,  61.83707178, 134.83692447,\n",
       "           44.46747631,   5.06926384,  35.61978887,  -3.34775513,\n",
       "            4.09159027],\n",
       "         [-10.77710536,  26.73877981,  -0.88558398,  12.25614768,\n",
       "           17.62644837,   4.0969106 ,  23.08915695,  44.46747631,\n",
       "           93.43611024,  21.35167971,  25.63459224,  11.69503381,\n",
       "           -5.56404384],\n",
       "         [  4.3097118 , -10.36619289,   9.06923971,   2.38246313,\n",
       "            7.63416001,  13.34639351,  -9.33074041,   5.06926384,\n",
       "           21.35167971,  78.621559  ,  32.52769423,   3.28735528,\n",
       "          -11.71877567],\n",
       "         [ -7.89812638,  14.80113755, -19.07108899,  -0.62619122,\n",
       "           23.37003575,   1.08724743,  12.57755399,  35.61978887,\n",
       "           25.63459224,  32.52769423,  94.44093969,  15.04537767,\n",
       "          -10.09774963],\n",
       "         [ -2.69401506,  -6.63578013,   1.32851909,   3.82353555,\n",
       "           10.6033645 ,  -3.33357897, -14.96222171,  -3.34775513,\n",
       "           11.69503381,   3.28735528,  15.04537767,  77.33672109,\n",
       "            4.90207039],\n",
       "         [  8.20120627,   4.34996635,   3.14539024,   1.40561045,\n",
       "          -21.27277795, -13.86430294,  13.76482977,   4.09159027,\n",
       "           -5.56404384, -11.71877567, -10.09774963,   4.90207039,\n",
       "           69.75881284]]),\n",
       "  1),\n",
       " (array([ 71.97284566,   0.50641002, -23.83483764,  -2.1819435 ,\n",
       "         -29.87549766,   0.71952074, -19.03901443,  -1.35393476,\n",
       "         -13.37041612,   5.06994403, -11.60783105,  -1.47146711,\n",
       "          -4.66650662]),\n",
       "  array([[ 7.39793472e+01, -4.90136741e+01, -3.43522153e+01,\n",
       "           2.55878929e+01, -3.49901296e+01,  3.00403389e+01,\n",
       "           2.67159875e+01,  1.99627250e+01, -2.80276918e+01,\n",
       "           9.60569791e+00,  4.38671310e+01, -9.68396849e+00,\n",
       "           2.28640818e+01],\n",
       "         [-4.90136741e+01,  9.06211906e+01,  1.42267045e+01,\n",
       "          -4.83317889e+01,  3.48753606e+01, -2.70484501e+01,\n",
       "          -1.72615150e+01, -4.84701252e+01,  2.49001041e+01,\n",
       "          -1.35199200e+01, -3.24902357e+01,  2.43469507e+01,\n",
       "           2.44562984e+00],\n",
       "         [-3.43522153e+01,  1.42267045e+01,  6.81409077e+01,\n",
       "          -1.00341973e+01, -7.03906307e-01, -1.21798661e+01,\n",
       "          -2.24559550e+01,  2.69510289e+01, -6.41494947e+00,\n",
       "           1.06832046e+00, -2.98404988e+01, -1.64601336e-01,\n",
       "           6.64056278e+00],\n",
       "         [ 2.55878929e+01, -4.83317889e+01, -1.00341973e+01,\n",
       "           9.22718295e+01, -5.13895854e+00,  3.29691066e+00,\n",
       "           1.02589786e+01,  9.00601846e+00, -4.62007474e-01,\n",
       "           1.34782269e+01,  1.23595411e+01, -1.62002237e+01,\n",
       "          -1.34999793e+01],\n",
       "         [-3.49901296e+01,  3.48753606e+01, -7.03906307e-01,\n",
       "          -5.13895854e+00,  1.13039353e+02, -4.61370439e+00,\n",
       "          -3.07082368e+01, -4.33178830e+01,  2.96435159e+01,\n",
       "           4.35903323e+00, -2.20729340e+01,  1.93389872e+01,\n",
       "          -1.55315642e+01],\n",
       "         [ 3.00403389e+01, -2.70484501e+01, -1.21798661e+01,\n",
       "           3.29691066e+00, -4.61370439e+00,  9.01347110e+01,\n",
       "           7.38260325e+00,  5.85763876e+00, -2.49736947e+00,\n",
       "           7.45727469e+00,  2.09748596e+01,  1.26245737e+01,\n",
       "           9.55828236e+00],\n",
       "         [ 2.67159875e+01, -1.72615150e+01, -2.24559550e+01,\n",
       "           1.02589786e+01, -3.07082368e+01,  7.38260325e+00,\n",
       "           1.36670241e+02,  3.74707416e+01, -1.70131054e+01,\n",
       "           3.10973314e-01,  3.45618380e+01, -2.22717201e+01,\n",
       "           1.40688716e+01],\n",
       "         [ 1.99627250e+01, -4.84701252e+01,  2.69510289e+01,\n",
       "           9.00601846e+00, -4.33178830e+01,  5.85763876e+00,\n",
       "           3.74707416e+01,  1.85665949e+02, -3.80453462e+01,\n",
       "          -5.52642709e+00,  1.39443655e+01, -3.30241893e+01,\n",
       "          -4.27171152e+00],\n",
       "         [-2.80276918e+01,  2.49001041e+01, -6.41494947e+00,\n",
       "          -4.62007474e-01,  2.96435159e+01, -2.49736947e+00,\n",
       "          -1.70131054e+01, -3.80453462e+01,  1.48089739e+02,\n",
       "           3.65727933e+00, -2.45197672e+01,  1.66727440e+01,\n",
       "          -2.94199622e+01],\n",
       "         [ 9.60569791e+00, -1.35199200e+01,  1.06832046e+00,\n",
       "           1.34782269e+01,  4.35903323e+00,  7.45727469e+00,\n",
       "           3.10973314e-01, -5.52642709e+00,  3.65727933e+00,\n",
       "           1.01810104e+02,  1.00036640e+01, -1.39221718e+01,\n",
       "           1.36531758e+01],\n",
       "         [ 4.38671310e+01, -3.24902357e+01, -2.98404988e+01,\n",
       "           1.23595411e+01, -2.20729340e+01,  2.09748596e+01,\n",
       "           3.45618380e+01,  1.39443655e+01, -2.45197672e+01,\n",
       "           1.00036640e+01,  1.23499106e+02,  1.00218808e+01,\n",
       "           6.38547693e+00],\n",
       "         [-9.68396849e+00,  2.43469507e+01, -1.64601336e-01,\n",
       "          -1.62002237e+01,  1.93389872e+01,  1.26245737e+01,\n",
       "          -2.22717201e+01, -3.30241893e+01,  1.66727440e+01,\n",
       "          -1.39221718e+01,  1.00218808e+01,  1.08423701e+02,\n",
       "           7.26480920e+00],\n",
       "         [ 2.28640818e+01,  2.44562984e+00,  6.64056278e+00,\n",
       "          -1.34999793e+01, -1.55315642e+01,  9.55828236e+00,\n",
       "           1.40688716e+01, -4.27171152e+00, -2.94199622e+01,\n",
       "           1.36531758e+01,  6.38547693e+00,  7.26480920e+00,\n",
       "           1.02319498e+02]]),\n",
       "  1),\n",
       " (array([ 70.6988441 ,   1.93457147, -15.94491948,   3.16687247,\n",
       "         -26.35814289,   1.12820886, -24.88227323,  -0.19109244,\n",
       "         -16.76622812,   0.71113706, -18.85182456,  -0.64411942,\n",
       "          -6.86954619]),\n",
       "  array([[ 110.04173713,  -82.13417757,  -59.36187763,   25.23082459,\n",
       "           -66.24218201,   18.50513832,  -23.05400762,   28.34101558,\n",
       "           -32.06116216,   23.18801528,   19.3188929 ,    4.4158401 ,\n",
       "            34.34373338],\n",
       "         [ -82.13417757,  217.5462638 ,   -8.64040206, -142.52477375,\n",
       "            31.78113089,  -74.03298926,   22.25620956,  -60.12279484,\n",
       "            47.33947153,  -48.59943373,  -19.39540143,   24.42087115,\n",
       "           -44.36232164],\n",
       "         [ -59.36187763,   -8.64040206,   99.04555358,   28.09454931,\n",
       "            33.70319362,   26.00361352,   14.28909095,    5.29417595,\n",
       "            -3.99351242,    4.53982155,    9.76101801,  -20.33107926,\n",
       "             8.66799966],\n",
       "         [  25.23082459, -142.52477375,   28.09454931,  188.27204518,\n",
       "            32.06964751,   61.01444911,  -14.99324289,   27.00598062,\n",
       "           -20.6807564 ,   16.4060283 ,  -11.64785558,  -28.01747351,\n",
       "            18.63514424],\n",
       "         [ -66.24218201,   31.78113089,   33.70319362,   32.06964751,\n",
       "           130.19192597,    8.12581895,    7.5518406 ,  -34.48210853,\n",
       "            18.26570898,  -19.53749   ,  -10.84350727,   -6.42560921,\n",
       "           -32.88538438],\n",
       "         [  18.50513832,  -74.03298926,   26.00361352,   61.01444911,\n",
       "             8.12581895,  100.17748373,    2.63656408,   24.53185389,\n",
       "           -29.00843751,   25.08770327,   15.20023439,  -12.481211  ,\n",
       "            17.89132137],\n",
       "         [ -23.05400762,   22.25620956,   14.28909095,  -14.99324289,\n",
       "             7.5518406 ,    2.63656408,   92.80330653,   15.86722621,\n",
       "            14.1967338 ,  -12.36778214,    1.13513305,   -1.69927548,\n",
       "           -13.33515805],\n",
       "         [  28.34101558,  -60.12279484,    5.29417595,   27.00598062,\n",
       "           -34.48210853,   24.53185389,   15.86722621,  125.88979005,\n",
       "            -5.16653634,   -0.31523492,    2.54913094,   28.09318076,\n",
       "             7.98918896],\n",
       "         [ -32.06116216,   47.33947153,   -3.99351242,  -20.6807564 ,\n",
       "            18.26570898,  -29.00843751,   14.1967338 ,   -5.16653634,\n",
       "           125.93491432,   14.56951638,  -16.03991126,   17.35369777,\n",
       "           -25.62085225],\n",
       "         [  23.18801528,  -48.59943373,    4.53982155,   16.4060283 ,\n",
       "           -19.53749   ,   25.08770327,  -12.36778214,   -0.31523492,\n",
       "            14.56951638,  135.76247948,   40.38157816,   -9.19802713,\n",
       "            13.52434905],\n",
       "         [  19.3188929 ,  -19.39540143,    9.76101801,  -11.64785558,\n",
       "           -10.84350727,   15.20023439,    1.13513305,    2.54913094,\n",
       "           -16.03991126,   40.38157816,  122.24601572,    3.48304474,\n",
       "            19.6901282 ],\n",
       "         [   4.4158401 ,   24.42087115,  -20.33107926,  -28.01747351,\n",
       "            -6.42560921,  -12.481211  ,   -1.69927548,   28.09318076,\n",
       "            17.35369777,   -9.19802713,    3.48304474,  118.69767491,\n",
       "           -14.72619507],\n",
       "         [  34.34373338,  -44.36232164,    8.66799966,   18.63514424,\n",
       "           -32.88538438,   17.89132137,  -13.33515805,    7.98918896,\n",
       "           -25.62085225,   13.52434905,   19.6901282 ,  -14.72619507,\n",
       "           103.61431742]]),\n",
       "  1),\n",
       " (array([ 68.6927414 ,  10.88035425, -23.86664693,   5.2217437 ,\n",
       "          -3.2524692 ,  -4.57867137, -27.95056158,  -3.55731042,\n",
       "         -11.63552635,  -3.20644954, -12.68506147,  -3.72794745,\n",
       "          -7.54692021]),\n",
       "  array([[ 1.74715605e+02, -9.02543088e+01, -1.09036522e+02,\n",
       "           2.50083907e+01, -1.01628179e+02, -4.02654368e+00,\n",
       "          -1.89341734e+01, -1.41798033e+01, -1.91091981e+01,\n",
       "           3.52315552e+01,  5.50760892e+01,  1.95360864e+01,\n",
       "           4.95027498e+01],\n",
       "         [-9.02543088e+01,  1.72456644e+02,  6.89272590e+00,\n",
       "          -9.60080036e+01,  1.58854974e+02, -5.68347538e+01,\n",
       "           5.70332190e-01, -4.15850532e+01,  4.09864581e+01,\n",
       "          -4.59588440e+01,  1.32323371e+01, -2.78297627e+01,\n",
       "          -4.26238414e+01],\n",
       "         [-1.09036522e+02,  6.89272590e+00,  1.72739850e+02,\n",
       "           3.44980797e+01, -5.08006969e+01,  3.08908362e+01,\n",
       "           1.99426578e+01,  4.73338021e+01, -2.55397216e+01,\n",
       "          -1.43109058e+01, -6.19874183e+01,  1.51426739e+01,\n",
       "           3.57748753e+00],\n",
       "         [ 2.50083907e+01, -9.60080036e+01,  3.44980797e+01,\n",
       "           1.65196977e+02, -8.54698047e+01,  3.42048352e+01,\n",
       "          -2.74163759e+01,  4.31139047e+00, -2.63236934e+01,\n",
       "          -1.47838086e+01, -4.29005433e+01,  4.29408106e+01,\n",
       "           2.84147526e+01],\n",
       "         [-1.01628179e+02,  1.58854974e+02, -5.08006969e+01,\n",
       "          -8.54698047e+01,  3.66870591e+02, -4.83937310e+01,\n",
       "          -3.80349646e+01, -1.17288361e+02,  7.08615486e+01,\n",
       "          -4.71624762e+01,  1.90533843e+01, -6.02127394e+01,\n",
       "          -7.73557370e+01],\n",
       "         [-4.02654368e+00, -5.68347538e+01,  3.08908362e+01,\n",
       "           3.42048352e+01, -4.83937310e+01,  1.28224059e+02,\n",
       "           2.02538890e+01,  2.53808991e+01, -1.04522223e+01,\n",
       "           1.02749328e+01, -3.56390559e+01,  2.87350559e+01,\n",
       "          -3.82052524e+00],\n",
       "         [-1.89341734e+01,  5.70332190e-01,  1.99426578e+01,\n",
       "          -2.74163759e+01, -3.80349646e+01,  2.02538890e+01,\n",
       "           1.09148667e+02,  6.22412467e+01,  3.35102525e+00,\n",
       "           1.60828573e+00, -2.23292757e+00, -6.65412645e+00,\n",
       "          -3.69455508e-01],\n",
       "         [-1.41798033e+01, -4.15850532e+01,  4.73338021e+01,\n",
       "           4.31139047e+00, -1.17288361e+02,  2.53808991e+01,\n",
       "           6.22412467e+01,  1.85020855e+02, -2.31948626e+01,\n",
       "           4.81815663e+01, -7.88973319e+00,  3.73133165e-01,\n",
       "           1.52422865e+01],\n",
       "         [-1.91091981e+01,  4.09864581e+01, -2.55397216e+01,\n",
       "          -2.63236934e+01,  7.08615486e+01, -1.04522223e+01,\n",
       "           3.35102525e+00, -2.31948626e+01,  1.22710564e+02,\n",
       "          -2.07061003e+01, -1.85925743e+00, -3.06061338e+00,\n",
       "          -3.41932224e+01],\n",
       "         [ 3.52315552e+01, -4.59588440e+01, -1.43109058e+01,\n",
       "          -1.47838086e+01, -4.71624762e+01,  1.02749328e+01,\n",
       "           1.60828573e+00,  4.81815663e+01, -2.07061003e+01,\n",
       "           1.55991892e+02,  3.39034187e+01, -3.03130770e+01,\n",
       "           1.20406611e+01],\n",
       "         [ 5.50760892e+01,  1.32323371e+01, -6.19874183e+01,\n",
       "          -4.29005433e+01,  1.90533843e+01, -3.56390559e+01,\n",
       "          -2.23292757e+00, -7.88973319e+00, -1.85925743e+00,\n",
       "           3.39034187e+01,  1.40170347e+02,  1.56293866e+01,\n",
       "          -4.85988038e-02],\n",
       "         [ 1.95360864e+01, -2.78297627e+01,  1.51426739e+01,\n",
       "           4.29408106e+01, -6.02127394e+01,  2.87350559e+01,\n",
       "          -6.65412645e+00,  3.73133165e-01, -3.06061338e+00,\n",
       "          -3.03130770e+01,  1.56293866e+01,  1.19872174e+02,\n",
       "           2.40166687e+01],\n",
       "         [ 4.95027498e+01, -4.26238414e+01,  3.57748753e+00,\n",
       "           2.84147526e+01, -7.73557370e+01, -3.82052524e+00,\n",
       "          -3.69455508e-01,  1.52422865e+01, -3.41932224e+01,\n",
       "           1.20406611e+01, -4.85988038e-02,  2.40166687e+01,\n",
       "           1.06293678e+02]]),\n",
       "  1),\n",
       " (array([ 70.00291522,   6.96591781, -18.71681431,   8.84196105,\n",
       "          -8.01016039,   3.43449211, -31.36002343,   1.69970775,\n",
       "         -18.67915656,  -6.93499514, -12.81097953,  -4.71106351,\n",
       "          -6.55271779]),\n",
       "  array([[ 9.57584757e+01, -5.65310912e+01, -5.90639441e+01,\n",
       "          -1.45119260e+01, -6.14077950e+01, -3.42481308e+01,\n",
       "          -4.66116113e+00,  2.49012307e+01, -2.48550402e+01,\n",
       "           6.20214792e+01,  1.01464095e+01, -2.24626140e+01,\n",
       "           2.00679871e+01],\n",
       "         [-5.65310912e+01,  1.32572970e+02,  2.36316291e+00,\n",
       "          -5.02681131e+01,  9.68021395e+01, -4.55083237e+00,\n",
       "           9.45436387e+00, -5.57817894e+01,  2.20355677e+01,\n",
       "          -9.88945983e+01,  2.21041720e+01,  1.79191596e+01,\n",
       "          -1.03398875e+00],\n",
       "         [-5.90639441e+01,  2.36316291e+00,  9.52344968e+01,\n",
       "           2.83875850e+01, -9.98877813e-01,  3.38520740e+01,\n",
       "           4.41553380e+00,  2.03612486e+01,  8.00864331e+00,\n",
       "          -1.92705517e+01, -2.25526020e+01,  6.22419666e+00,\n",
       "          -1.57710664e+01],\n",
       "         [-1.45119260e+01, -5.02681131e+01,  2.83875850e+01,\n",
       "           1.46319158e+02,  4.80766010e+00,  1.21658228e+00,\n",
       "          -1.30179327e+01, -3.38062326e+01,  3.16195924e+01,\n",
       "           1.85389887e+01, -4.28629185e+01,  1.63233810e+01,\n",
       "          -1.63781549e+01],\n",
       "         [-6.14077950e+01,  9.68021395e+01, -9.98877813e-01,\n",
       "           4.80766010e+00,  2.08886319e+02,  5.35179551e+00,\n",
       "          -1.82490030e+01, -1.32478136e+02,  1.81371198e+01,\n",
       "          -8.43827391e+01,  3.79767681e+00,  3.15742439e+01,\n",
       "           9.62683082e+00],\n",
       "         [-3.42481308e+01, -4.55083237e+00,  3.38520740e+01,\n",
       "           1.21658228e+00,  5.35179551e+00,  1.27350894e+02,\n",
       "          -1.24801381e+01,  9.90521019e+00, -4.22210307e+00,\n",
       "          -1.90449363e+01, -1.52524777e+00,  3.19316838e+01,\n",
       "          -2.27668733e+01],\n",
       "         [-4.66116113e+00,  9.45436387e+00,  4.41553380e+00,\n",
       "          -1.30179327e+01, -1.82490030e+01, -1.24801381e+01,\n",
       "           1.33406495e+02,  2.30621192e+01,  1.60025647e+01,\n",
       "          -7.40806073e+00,  3.05645617e+00,  1.23814077e+01,\n",
       "           1.10944418e+01],\n",
       "         [ 2.49012307e+01, -5.57817894e+01,  2.03612486e+01,\n",
       "          -3.38062326e+01, -1.32478136e+02,  9.90521019e+00,\n",
       "           2.30621192e+01,  2.34407633e+02, -2.74673236e+01,\n",
       "           7.18929877e+01,  7.66080281e+00, -5.73438477e+01,\n",
       "          -5.80896093e+00],\n",
       "         [-2.48550402e+01,  2.20355677e+01,  8.00864331e+00,\n",
       "           3.16195924e+01,  1.81371198e+01, -4.22210307e+00,\n",
       "           1.60025647e+01, -2.74673236e+01,  1.72442681e+02,\n",
       "          -3.79663440e+01, -1.49899483e+01,  3.76176012e+01,\n",
       "          -2.64378907e+01],\n",
       "         [ 6.20214792e+01, -9.88945983e+01, -1.92705517e+01,\n",
       "           1.85389887e+01, -8.43827391e+01, -1.90449363e+01,\n",
       "          -7.40806073e+00,  7.18929877e+01, -3.79663440e+01,\n",
       "           2.38168422e+02,  1.01633966e+01, -4.91109342e+01,\n",
       "          -3.11966794e+00],\n",
       "         [ 1.01464095e+01,  2.21041720e+01, -2.25526020e+01,\n",
       "          -4.28629185e+01,  3.79767681e+00, -1.52524777e+00,\n",
       "           3.05645617e+00,  7.66080281e+00, -1.49899483e+01,\n",
       "           1.01633966e+01,  1.13050628e+02, -6.80088910e+00,\n",
       "          -7.36753830e-02],\n",
       "         [-2.24626140e+01,  1.79191596e+01,  6.22419666e+00,\n",
       "           1.63233810e+01,  3.15742439e+01,  3.19316838e+01,\n",
       "           1.23814077e+01, -5.73438477e+01,  3.76176012e+01,\n",
       "          -4.91109342e+01, -6.80088910e+00,  1.31988827e+02,\n",
       "          -6.19037130e+00],\n",
       "         [ 2.00679871e+01, -1.03398875e+00, -1.57710664e+01,\n",
       "          -1.63781549e+01,  9.62683082e+00, -2.27668733e+01,\n",
       "           1.10944418e+01, -5.80896093e+00, -2.64378907e+01,\n",
       "          -3.11966794e+00, -7.36753830e-02, -6.19037130e+00,\n",
       "           1.13969151e+02]]),\n",
       "  1),\n",
       " (array([ 75.99258309,  -2.05807553, -11.74798129,   8.43976736,\n",
       "          -6.85457933,   6.52159319, -19.54097613,  14.7185247 ,\n",
       "         -10.24131532,  13.4989952 , -10.8206252 ,   0.51953267,\n",
       "         -14.15150532]),\n",
       "  array([[ 27.24841302,  -6.70998742, -13.24343522, -11.29500295,\n",
       "          -26.60779203,  -7.87399518,   0.79694498,  -3.30120418,\n",
       "           -1.16778149,  -7.47753215,   6.50654139,   2.15005892,\n",
       "            5.16247497],\n",
       "         [ -6.70998742,  44.23016075, -41.29122559, -37.91326113,\n",
       "           -1.11315511, -30.36698876, -21.27136811,   2.6843959 ,\n",
